x y
8.764829323351877477e+00 6.426774810149954220e+00
3.513421464455767307e+00 3.543268664751090036e+00
5.117686615106612713e+00 5.598357408175104410e+00
3.365183153329052157e+00 4.818452705398490465e+00
7.166048038199697601e+00 7.466722538830081746e+00
3.393673370656719257e+00 3.661036989737075587e+00
8.964186506093133389e+00 1.022898290737641602e+01
5.896323319383339978e+00 5.270534260511726465e+00
5.741710981431952021e+00 6.319073730516735488e+00
6.913453087453447665e+00 8.882526591744737132e+00
2.927688745509796853e+00 2.457128866493555552e+00
9.249241661183827290e+00 8.462205052868515764e+00
3.674574725755733517e+00 6.199961694530835565e+00
6.439314805022676502e+00 5.841334001516872654e+00
4.707073211436584081e+00 3.568767440033160376e+00
8.021243984226909873e+00 8.659365526184256368e+00
4.891388152885811635e-01 1.311583276266170550e-02
3.008057572096938248e+00 1.243789585018642674e+00
2.966970846462694489e+00 1.706826899534568120e+00
6.332862210110979717e+00 6.292312082122891503e+00
6.871674801704874547e-01 8.123257704244015720e-01
8.884659353698076245e+00 9.325488676785909092e+00
4.547242200766236309e+00 5.701667792534646395e+00
5.307349427980739165e+00 5.155622253499672070e+00
2.508551488386437711e+00 4.236250513057440159e+00
8.098380351658155618e+00 7.876371582666686244e+00
4.002130934803029838e+00 4.841459916868849689e+00
1.201614708608321758e+00 1.472969470472965670e+00
2.054808890517062281e+00 2.855392688489267972e+00
7.357988970161244424e+00 6.973967875167393693e+00
8.717415774563963549e-01 6.378896009385025545e-01
1.202399455536796724e+00 -1.807960459602846459e-01
5.359930142268493292e+00 4.098935117637743986e+00
6.407531981099792162e+00 7.562227040015024215e+00
1.833451050905265944e-01 1.544400888414963591e+00
8.808912557923779474e+00 8.848806164068568236e+00
4.233865105336556134e+00 2.262998832879262956e+00
7.200300697310854758e+00 6.078009847943200761e+00
5.386219962420712992e-01 -2.724154458180960692e-01
8.922986935433224076e+00 9.141594590923244112e+00
3.121981395629460643e+00 2.817385034141558720e+00
4.747068561526229580e+00 3.749888966526990330e+00
6.441435436993369734e+00 5.061336152088007800e+00
2.350452754019314305e+00 1.326410796395652847e+00
9.002236317571169266e+00 9.242488339861578694e+00
6.421738187115071383e+00 5.959294277238626591e+00
6.042509653000416314e-01 -3.908726660121648599e-01
3.369847879175643435e+00 4.609489374946634577e+00
6.090660719183887295e+00 5.525866243986238935e+00
1.027994726930971936e+00 8.962122058977349814e-01
3.712257634538137729e+00 4.401304560831079904e+00
9.230966072791479959e+00 1.014135909344733832e+01
3.166141984378141316e+00 4.049004841466070204e+00
7.603894545357292589e-01 -3.967594224376063128e-01
9.381518187763782990e+00 9.987147531247952514e+00
3.346821524801729453e+00 4.351052150757998227e+00
2.484652782558830708e+00 3.288620154559852793e+00
7.002674353091400405e+00 7.032705423821323798e+00
8.774040909346762618e+00 7.832403202469936154e+00
3.631976652726709442e-01 -4.789606847035441373e-01
3.472442693083316101e+00 2.675177024761068001e+00
6.215595446102749833e+00 6.794818625161408221e+00
6.942156381861347647e+00 7.342572588403426970e+00
2.514832868057821358e+00 3.007661292119057084e+00
9.832008345756682033e-01 1.440689755372740244e+00
3.875755451104615723e+00 2.051283572853677128e+00
2.020092763884218101e-01 1.518165862211939610e+00
8.755988736559434216e+00 8.368844973144637933e+00
7.133169151333853542e+00 8.058635025346870151e+00
9.334224878195676922e+00 9.288387891638802074e+00
9.101286828292820985e+00 1.066513969088578229e+01
5.652005609639140005e+00 6.007509455541147680e+00
1.055846301272200805e+00 1.952056949187795265e+00
7.953847416277033844e+00 8.097113413546960459e+00
5.256280304605598364e-01 6.277619467417117072e-03
6.473489619951195984e+00 6.829170017735005871e+00
6.155443518448869611e+00 5.230577906687810419e+00
1.844358812991546692e+00 7.512313160348327301e-01
9.130859602105598327e+00 8.227526667443580521e+00
7.570950809608935295e+00 6.496402719661268144e+00
8.585552703270623809e+00 9.334328700081535146e+00
3.980689784615669691e+00 3.885259141312493725e+00
5.193724647213918466e+00 4.670409003468559028e+00
3.965428201936551655e+00 4.192035475058195182e+00
5.829573149181200620e+00 6.177239502702994933e+00
1.079293710271125306e+00 7.856710435287043159e-01
3.262547161570794607e+00 3.302704430395172697e+00
5.805007391124378024e+00 5.364457853819730282e+00
8.592426799840840346e+00 9.572431093947709968e+00
9.060935532161895622e+00 9.356464801301576983e+00
4.726744866732826900e+00 5.034986423884555862e+00
1.214257652763456319e+00 1.025228001330447558e+00
7.800119401206786485e+00 7.595472733245999031e+00
1.965502137912064073e+00 2.791299717980050499e+00
6.230472378329904082e+00 6.176785527229922579e+00
2.944382923756147186e+00 2.612950465027552127e+00
4.595974603166887995e+00 4.505655533730755558e+00
6.939707864938011284e+00 8.227269498140463710e+00
4.573412916746953272e+00 4.656912661278806986e+00
5.006288189711616265e-01 1.320319131625763642e+00
