x y
1.000000000000000000e+01 1.000000000000000000e+01
2.000000000000000000e+01 2.000000000000000000e+01
9.982542449625039893e+00 8.904466864165163642e+00
1.121838069601580834e+01 1.157739081075980359e+01
1.119234382370688508e+01 9.548604385945262507e+00
1.025231154476868767e+01 1.000051385232414880e+01
9.030856393711832908e+00 1.067357735225924209e+01
7.936391744356514621e+00 9.997642655974269488e+00
1.187218382426916463e+01 1.039424388500668073e+01
8.950568080160092421e+00 8.844280330137337387e+00
9.539495746648496421e+00 8.211084206468546753e+00
9.509299114678229969e+00 9.082154682513971622e+00
1.130481773509789889e+01 1.071109011779736697e+01
9.972756608969621794e+00 1.198730676749592128e+01
9.925031287993553164e+00 1.043476854292615386e+01
8.385600007365020758e+00 1.071396096126988517e+01
9.780004651954691042e+00 1.112092771863941287e+01
1.022704289315772819e+01 1.137828826038924035e+01
8.617806516213750712e+00 1.238828182132686173e+01
9.522398489493152596e+00 1.093000069215054992e+01
1.030891481046004543e+01 8.901464733087308900e+00
1.254339653870294313e+01 9.589159605516773155e+00
1.991460322131607086e+01 1.911485068311812086e+01
1.965308466238025176e+01 1.882332935630025261e+01
1.941990821341967788e+01 1.983906467677019236e+01
1.978202563221317689e+01 1.948515458640822473e+01
2.208385224755626908e+01 2.100662977090850347e+01
1.839563392541351661e+01 1.856853586217130569e+01
1.919974626647769966e+01 2.042942285932500823e+01
2.135968380772070674e+01 2.006899460314358663e+01
2.051837415928354247e+01 2.219719455553320486e+01
2.081684533814155458e+01 2.078651743219868919e+01
2.036425313924847558e+01 1.924960060052235633e+01
2.014589457826605567e+01 2.037876349109928498e+01
1.920768779738067167e+01 1.980377769258915777e+01
1.927252177461453897e+01 1.918774177342925924e+01
1.935163374998703389e+01 2.125426895708946873e+01
1.945076560689517819e+01 2.103646308145195576e+01
2.002468346722649883e+01 2.005017582446696522e+01
2.115711201405918374e+01 1.917657504685652370e+01
2.146872546244907909e+01 2.051870895215723323e+01
2.052013022825810395e+01 1.974657046995856646e+01
